,Type,Title,Links,Price,Discount_percent,Sold,Preview,Location,Original,Ship_price,Return,Positive_review,Ship_on_time,Rate_response,One_star,Two_star,Three_star,Four_star,Five_star
0,giày dép,(Giá tận xưởng) Dép chữ C unisex nam nữ bền đẹp thời trang,https://www.lazada.vn/products/gia-tan-xuong-dep-chu-c-unisex-nam-nu-ben-dep-thoi-trang-i2494252451.html,32.000 ₫,54% Off,83 Đã bán,(21),Hồ Chí Minh,69.000 ₫,16.500 ₫,3 ngày trả hàng cho Nhà bán hàng,93%,92%,100%,0,0,1,0,19
1,giày dép,Dép Quai Ngang Đế Dày Chống Trượt Thời Trang Hàn Quốc Cho Nữ,https://www.lazada.vn/products/dep-quai-ngang-de-day-chong-truot-thoi-trang-han-quoc-cho-nu-i2598018987.html,47.723 ₫,52% Off,277 Đã bán,(77),Nước ngoài,99.000 ₫,,Không áp dụng chính sách bảo hành,97%,Không đủ thông tin,100%,2,0,4,3,69
2,giày dép,Dép Trẻ Em Dép Khủng Long Hoạt Hình Đế Mềm Chống Trượt Đi Bên Ngoài Tắm Trong Nhà Trẻ Em Lớn Nhỡ Bé Trai Bé Gái Em Bé Mùa Hè,https://www.lazada.vn/products/dep-tre-em-dep-khung-long-hoat-hinh-de-mem-chong-truot-di-ben-ngoai-tam-trong-nha-tre-em-lon-nho-be-trai-be-gai-em-be-mua-he-i2404111375.html,35.100 ₫,10% Off,387 Đã bán,(144),Hồ Chí Minh,41.000 ₫,17.000 ₫,Không áp dụng chính sách bảo hành,95%,93%,98%,0,1,2,4,137
3,giày dép,"Dép Đúc Nữ ,dép bánh mì, dép sục nữ, chống trơn êm chân , gắn sticker bất kỳ, thời trang, không thấm nước",https://www.lazada.vn/products/dep-duc-nu-dep-banh-mi-dep-suc-nu-chong-tron-em-chan-gan-sticker-bat-ky-thoi-trang-khong-tham-nuoc-i2616573755.html,29.900 ₫,70% Off,6 Đã bán,(2),Hồ Chí Minh,100.000 ₫,19.600 ₫,3 ngày trả hàng cho Nhà bán hàng,87%,96%,34%,1,0,0,0,1
4,giày dép,Dép Sục Mùa Hè 2024hb Giày Lỗ Chống Trượt Đế Dày Nam Dép Lê Thường Ngày Dép Đi Biển Bít Mũi Thoáng Khí Nam,https://www.lazada.vn/products/dep-suc-mua-he-2024hb-giay-lo-chong-truot-de-day-nam-dep-le-thuong-ngay-dep-di-bien-bit-mui-thoang-khi-nam-i2453022869.html,79.000 ₫,,1.9K Đã bán,(645),Nước ngoài,,17.000 ₫,Không áp dụng chính sách bảo hành,96%,95%,100%,7,3,11,12,612
5,giày dép,"Bonnie Cathy Phong Cách Mới Dép nửa chân cho phụ nữ, thời trang và giản dị đế phẳng đồ mặc ngoài Slip-On của phụ nữ Toe-Toe sandal cho phụ nữ",https://www.lazada.vn/products/bonnie-cathy-phong-cach-moi-dep-nua-chan-cho-phu-nu-thoi-trang-va-gian-di-de-phang-do-mac-ngoai-slip-on-cua-phu-nu-toe-toe-sandal-cho-phu-nu-i2607830982.html,51.000 ₫,53% Off,160 Đã bán,(42),Nước ngoài,108.000 ₫,,Không áp dụng chính sách bảo hành,99%,Không đủ thông tin,88%,0,0,1,0,41
6,giày dép,Dép Cơ Khí Mẫu Mới Dép Xăng Đan Trong Nhà Ngoài Trời Kiểu Phối Đa Phong Cách Thời Trang Đế Mềm Thể Thao Trào Lưu Chống Đi Bên Ngoài,https://www.lazada.vn/products/dep-co-khi-mau-moi-dep-xang-dan-trong-nha-ngoai-troi-kieu-phoi-da-phong-cach-thoi-trang-de-mem-the-thao-trao-luu-chong-di-ben-ngoai-i2632000601.html,15.500 ₫,50% Off,,,Nước ngoài,89.000 ₫,17.000 ₫,Không áp dụng chính sách bảo hành,95%,93%,99%,0,0,0,0,0
7,giày dép,QiaoYiLuo Mùa hè mới của nam giới giày lỗ dép đi biển ngoài trời bên ngoài đa năng chống mài mòn không trơn trượt đế mềm túi đầu dép nam,https://www.lazada.vn/products/qiaoyiluo-mua-he-moi-cua-nam-gioi-giay-lo-dep-di-bien-ngoai-troi-ben-ngoai-da-nang-chong-mai-mon-khong-tron-truot-de-mem-tui-dau-dep-nam-i2608616428.html,109.000 ₫,45% Off,5 Đã bán,(1),Nước ngoài,196.800 ₫,,Được đổi ý,98%,Không đủ thông tin,100%,0,0,0,0,1
8,giày dép,Giày đi nước mùa hè dép nhựa nam GS188,https://www.lazada.vn/products/giay-di-nuoc-mua-he-dep-nhua-nam-gs188-i2203845747.html,59.000 ₫,61% Off,519 Đã bán,(123),Hà Nội,151.000 ₫,45.100 ₫,3 ngày trả hàng cho Nhà bán hàng,97%,99%,88%,1,1,2,7,113
9,giày dép,Giày Có Lỗ Thoáng Khí Mẫu Mới Mùa Hè 2024 Giày Đi Mưa Giày Đi Biển Chống Nước Dép Cặp Đôi Dép Xăng Đan Ngoài Trời Dép Lê Sành Điệu,https://www.lazada.vn/products/giay-co-lo-thoang-khi-mau-moi-mua-he-2024-giay-di-mua-giay-di-bien-chong-nuoc-dep-cap-doi-dep-xang-dan-ngoai-troi-dep-le-sanh-dieu-i2655328488.html,90.000 ₫,,,,Hồ Chí Minh,,17.000 ₫,Không áp dụng chính sách bảo hành,96%,95%,100%,0,0,0,0,0
10,giày dép,Xăng đan diwa lốp nhún bèo cho nữ dành cho người lớn Giày trượt M.2Q,https://www.lazada.vn/products/xang-dan-diwa-lop-nhun-beo-cho-nu-danh-cho-nguoi-lon-giay-truot-m2q-i2637903075.html,174 ₫,,494 Đã bán,,Nước ngoài,,,Không áp dụng chính sách bảo hành,Không đủ thông tin,Không đủ thông tin,Không đủ thông tin,0,0,0,0,0
11,giày dép,Dép xỏ ngón Nam 2024 Phiên Bản Hàn Quốc Giày Đi Biển Bên Ngoài Dép Chống Trơn Trượt Cao Su Flip-Flo,https://www.lazada.vn/products/dep-xo-ngon-nam-2024-phien-ban-han-quoc-giay-di-bien-ben-ngoai-dep-chong-tron-truot-cao-su-flip-flo-i2625762188.html,19.000 ₫,50% Off,547 Đã bán,(99),Nước ngoài,38.000 ₫,,Không áp dụng chính sách bảo hành,96%,Không đủ thông tin,100%,0,0,0,1,98
12,giày dép,Xăng Đan 2024cb Giày Thường Ngày Bít Mũi Da Thật Thể Thao Ngoài Trời Sành Điệu Cho Nam Dép Lê Mẫu Mới Mùa Hè Thoáng Khí Nam Đi Biển,https://www.lazada.vn/products/xang-dan-2024cb-giay-thuong-ngay-bit-mui-da-that-the-thao-ngoai-troi-sanh-dieu-cho-nam-dep-le-mau-moi-mua-he-thoang-khi-nam-di-bien-i1466104953.html,212.000 ₫,,765 Đã bán,(319),Hồ Chí Minh,,17.000 ₫,Không áp dụng chính sách bảo hành,95%,94%,100%,1,2,6,15,296
13,giày dép,YUNGUANG Giày có lỗ đế dày bánh xốp áo khoác ngoài nữ thời trang mới Giày sandal đi biển có chiều cao và dép đi trong nhà mẫu nữ,https://www.lazada.vn/products/yunguang-giay-co-lo-de-day-banh-xop-ao-khoac-ngoai-nu-thoi-trang-moi-giay-sandal-di-bien-co-chieu-cao-va-dep-di-trong-nha-mau-nu-i2403418668.html,68.000 ₫,69% Off,95 Đã bán,(47),Nước ngoài,222.400 ₫,,Được đổi ý,99%,Không đủ thông tin,100%,0,0,0,0,47
14,giày dép,Dép Sục Mùa Hè 2024hb Giày Lỗ Chống Trượt Đế Dày Nam Dép Lê Thường Ngày Dép Đi Biển Bít Mũi Thoáng Khí Nam,https://www.lazada.vn/products/dep-suc-mua-he-2024hb-giay-lo-chong-truot-de-day-nam-dep-le-thuong-ngay-dep-di-bien-bit-mui-thoang-khi-nam-i2453162086.html,79.000 ₫,,250 Đã bán,(79),Nước ngoài,,17.000 ₫,Không áp dụng chính sách bảo hành,95%,94%,100%,2,0,2,0,75
15,giày dép,Dép sandal quai hậu giày xăng đan NAM NỮ cao su non chống nước (Tăng lên 1 size),https://www.lazada.vn/products/dep-sandal-quai-hau-giay-xang-dan-nam-nu-cao-su-non-chong-nuoc-tang-len-1-size-i2230603376.html,38.500 ₫,30% Off,349 Đã bán,(99),Hồ Chí Minh,55.000 ₫,18.300 ₫,3 ngày trả hàng cho Nhà bán hàng,99%,99%,100%,0,1,0,2,97
16,giày dép,Form nhỏ - Dép cao gót cho phụ nữ trung niên dép da mềm cho mẹ cho bà cực êm siêu nhẹ giày dép Trý Vỹ,https://www.lazada.vn/products/form-nho-dep-cao-got-cho-phu-nu-trung-nien-dep-da-mem-cho-me-cho-ba-cuc-em-sieu-nhe-giay-dep-try-vy-i1643002016.html,39.000 ₫,35% Off,3.2K Đã bán,(564),Cà Mau,60.000 ₫,28.700 ₫,3 ngày trả hàng cho Nhà bán hàng,95%,82%,100%,6,4,6,27,521
17,giày dép,[FACOTA CHÍNH HÃNG] Giày Dép Sandals Facota Nam Nữ Đen Trắng NN02 - Sandal Êm Nhẹ Đẹp,https://www.lazada.vn/products/facota-chinh-hang-giay-dep-sandals-facota-nam-nu-den-trang-nn02-sandal-em-nhe-dep-i1864920798.html,208.662 ₫,46% Off,885 Đã bán,(127),Hồ Chí Minh,389.000 ₫,18.300 ₫,3 ngày trả hàng cho Nhà bán hàng,99%,99%,50%,N/A,N/A,N/A,N/A,N/A
18,giày dép,"Giày Sục Thời Trang Dành Cho Các Bạn Nữ - Dép Sục Nữ Mũi Nhọn, Dép Nhựa Chống Nước",https://www.lazada.vn/products/giay-suc-thoi-trang-danh-cho-cac-ban-nu-dep-suc-nu-mui-nhon-dep-nhua-chong-nuoc-i1587836696.html,58.410 ₫,1% Off,109 Đã bán,(25),Hồ Chí Minh,59.000 ₫,16.500 ₫,3 ngày trả hàng cho Nhà bán hàng,98%,96%,Không đủ thông tin,2,0,0,0,23
19,giày dép,Dép Sục Mùa Hè Giày Lỗ Chống Trượt Đế Dày Nam Dép Đi Thường Ngày Dép Đi Biển Bít Mũi Thoáng Khí Xăng Đan Mùa Hè,https://www.lazada.vn/products/dep-suc-mua-he-giay-lo-chong-truot-de-day-nam-dep-di-thuong-ngay-dep-di-bien-bit-mui-thoang-khi-xang-dan-mua-he-i2484204762.html,80.960 ₫,8% Off,151 Đã bán,(43),Hồ Chí Minh,89.000 ₫,17.000 ₫,Không áp dụng chính sách bảo hành,95%,94%,100%,0,1,0,1,41
20,giày dép,Dép đi ngoài trời dép đi thường ngày chống nước chống trượt Dép xăng đan nữ Dép nam Giày thoải mái,https://www.lazada.vn/products/dep-di-ngoai-troi-dep-di-thuong-ngay-chong-nuoc-chong-truot-dep-xang-dan-nu-dep-nam-giay-thoai-mai-i2600050167.html,26.000 ₫,42% Off,3.5K Đã bán,(1041),Nước ngoài,45.000 ₫,,Được đổi ý,90%,Không đủ thông tin,100%,63,38,51,40,849
21,giày dép,Giày Lỗ Dừa Nổi Tiếng Trên Mạng Xăng Đan Bít Mũi Thể Thao Chống Trượt Cảm Giác Giẫm Đạp Đi Bên Ngoài Mùa Hè Mẫu Nam Dép Lê Đi Biển Ngoài Trời,https://www.lazada.vn/products/giay-lo-dua-noi-tieng-tren-mang-xang-dan-bit-mui-the-thao-chong-truot-cam-giac-giam-dap-di-ben-ngoai-mua-he-mau-nam-dep-le-di-bien-ngoai-troi-i2430039388.html,86.480 ₫,36% Off,85 Đã bán,(32),Hồ Chí Minh,205.000 ₫,17.000 ₫,Không áp dụng chính sách bảo hành,95%,93%,99%,0,0,0,0,32
22,giày dép,"crocss Giày bãi biển hàng ngày của nam giới, chịu mài mòn, chống trượt không thấm nước, dép mới xuân hạ 2023! Breathable và sảng khoái lỗ giày,Dép thời trang nhẹ và thuận tiện,Dép giá rẻ",https://www.lazada.vn/products/crocss-giay-bai-bien-hang-ngay-cua-nam-gioi-chiu-mai-mon-chong-truot-khong-tham-nuoc-dep-moi-xuan-ha-2023-breathable-va-sang-khoai-lo-giaydep-thoi-trang-nhe-va-thuan-tiendep-gia-re-i2569955304.html,43.046 ₫,59% Off,147 Đã bán,(58),Hồ Chí Minh,106.000 ₫,18.300 ₫,3 ngày trả hàng cho Nhà bán hàng,95%,100%,100%,0,0,0,1,57
23,giày dép,Dép Nữ Giày Đi Biển Thời Trang Giày Bệt Nơ Dép Đi Trong Nhà,https://www.lazada.vn/products/dep-nu-giay-di-bien-thoi-trang-giay-bet-no-dep-di-trong-nha-i2621902791.html,19.895 ₫,57% Off,45 Đã bán,(15),Nước ngoài,46.000 ₫,,Không áp dụng chính sách bảo hành,95%,Không đủ thông tin,100%,0,1,0,0,14
24,giày dép,JUSTSL Giày Trẻ Em Dép Bé Trai Phong Cách Hàn Quốc Thời Trang Hợp Thời Trang Giày Bé Trai Đi Biển Trẻ Em Dép Đi Biển Tập Đi,https://www.lazada.vn/products/justsl-giay-tre-em-dep-be-trai-phong-cach-han-quoc-thoi-trang-hop-thoi-trang-giay-be-trai-di-bien-tre-em-dep-di-bien-tap-di-i2613446937.html,33.854 ₫,58% Off,112 Đã bán,(39),Hồ Chí Minh,80.000 ₫,16.500 ₫,3 ngày trả hàng cho Nhà bán hàng,Nhà bán hàng mới,98%,100%,2,0,0,1,36
25,giày dép,Giày Lỗ Dừa Nổi Tiếng Trên Mạng Xăng Đan Bít Mũi Thể Thao Chống Trượt Cảm Giác Giẫm Đạp Đi Bên Ngoài Mùa Hè Mẫu Nam Dép Lê Đi Biển Ngoài Trời,https://www.lazada.vn/products/giay-lo-dua-noi-tieng-tren-mang-xang-dan-bit-mui-the-thao-chong-truot-cam-giac-giam-dap-di-ben-ngoai-mua-he-mau-nam-dep-le-di-bien-ngoai-troi-i2411647557.html,86.480 ₫,36% Off,70 Đã bán,(19),Hồ Chí Minh,205.000 ₫,17.000 ₫,Không áp dụng chính sách bảo hành,96%,95%,100%,0,0,3,0,16
26,giày dép,[FACOTA CHÍNH HÃNG] Giày Dép Sandals Facota Nam Nữ Đen Đế Trắng GLC06 - Sandal Êm Nhẹ Đẹp,https://www.lazada.vn/products/facota-chinh-hang-giay-dep-sandals-facota-nam-nu-den-de-trang-glc06-sandal-em-nhe-dep-i2520025087.html,208.000 ₫,47% Off,35 Đã bán,(15),Hồ Chí Minh,389.000 ₫,18.300 ₫,3 ngày trả hàng cho Nhà bán hàng,99%,99%,50%,0,0,0,0,15
27,giày dép,khuyến mãi bán Dép xăng đan Dép đi trong nhà Mùa Hè 2023 Mới Giày Slip-on Nữ Trực Tuyến Người Có Ảnh Hưởng Y Tá Giày Đế Mềm Nhẹ Đi Biển Giày Đi Biển Xăng Đan dành Cho Nam Mũi tròn Mũi mở Đai đeo ngón chân Mũi vuông Dép xăng đan Dép kẹp DéP Đế Bằng Sandal,https://www.lazada.vn/products/khuyen-mai-ban-dep-xang-dan-dep-di-trong-nha-mua-he-2023-moi-giay-slip-on-nu-truc-tuyen-nguoi-co-anh-huong-y-ta-giay-de-mem-nhe-di-bien-giay-di-bien-xang-dan-danh-cho-nam-mui-tron-mui-mo-dai-deo-ngon-chan-mui-vuong-dep-xang-dan-dep-kep-dep-de-bang-sandal-i2523546254.html,15.000 ₫,81% Off,31 Đã bán,(11),Hà Nội,79.000 ₫,45.100 ₫,3 ngày trả hàng cho Nhà bán hàng,96%,100%,83%,0,0,0,0,11
28,giày dép,Giày Lỗ Dừa Nam Dép Lê Bít Mũi Chống Thối Chống Trơn Trượt Thể Thao Nổi Tiếng Trên Mạng Ngoài Trời Mặc Ngoài Trời Mùa Hè Dép Lội Nước Đi Biển,https://www.lazada.vn/products/giay-lo-dua-nam-dep-le-bit-mui-chong-thoi-chong-tron-truot-the-thao-noi-tieng-tren-mang-ngoai-troi-mac-ngoai-troi-mua-he-dep-loi-nuoc-di-bien-i2385856526.html,81.880 ₫,37% Off,83 Đã bán,(21),Hồ Chí Minh,171.000 ₫,17.000 ₫,Không áp dụng chính sách bảo hành,95%,95%,100%,0,1,0,1,19
29,giày dép,"AARAER Dép quai hậu Cross Literide 360, giày sục xăng đan Crocs quai ngang bít đầu nam nữ chống thấm nước 32A",https://www.lazada.vn/products/aaraer-dep-quai-hau-cross-literide-360-giay-suc-xang-dan-crocs-quai-ngang-bit-dau-nam-nu-chong-tham-nuoc-32a-i2589148845.html,225.336 ₫,52% Off,5 Đã bán,(2),Nước ngoài,469.450 ₫,17.000 ₫,Không áp dụng chính sách bảo hành,77%,100%,Không đủ thông tin,0,0,0,1,1
30,giày dép,"Dép nam da bò quai hậu, dép da nam",https://www.lazada.vn/products/dep-nam-da-bo-quai-hau-dep-da-nam-i518586248.html,99.000 ₫,45% Off,775 Đã bán,(226),Hà Nội,180.000 ₫,38.000 ₫,3 ngày trả hàng cho Nhà bán hàng,94%,99%,100%,6,8,12,25,175
31,giày dép,[FACOTA CHÍNH HÃNG] Giày Dép Sandals Facota Nam Nữ Đen AN01 - Sandal Êm Nhẹ Đẹp - Facota Đen,https://www.lazada.vn/products/facota-chinh-hang-giay-dep-sandals-facota-nam-nu-den-an01-sandal-em-nhe-dep-facota-den-i1863988632.html,210.267 ₫,34% Off,606 Đã bán,(141),Hồ Chí Minh,320.000 ₫,18.300 ₫,3 ngày trả hàng cho Nhà bán hàng,99%,99%,50%,N/A,N/A,N/A,N/A,N/A
32,giày dép,[FACOTA CHÍNH HÃNG] Giày Dép Sandals Facota Nam Nữ Xám Phối NN09 - Sandal Êm Nhẹ Đẹp,https://www.lazada.vn/products/facota-chinh-hang-giay-dep-sandals-facota-nam-nu-xam-phoi-nn09-sandal-em-nhe-dep-i1865497156.html,208.000 ₫,47% Off,552 Đã bán,(99),Hồ Chí Minh,389.000 ₫,18.300 ₫,3 ngày trả hàng cho Nhà bán hàng,99%,99%,50%,N/A,N/A,N/A,N/A,N/A
33,giày dép,Dép Lỗ Giày Mũi Tròn Nam Văn Phòng Mùa Hè Dép Đi Biển Ngoài Trời Đế Dày Lái Xe Ngoài Trời Cỡ Lớn Có Lỗ,https://www.lazada.vn/products/dep-lo-giay-mui-tron-nam-van-phong-mua-he-dep-di-bien-ngoai-troi-de-day-lai-xe-ngoai-troi-co-lon-co-lo-i2421460277.html,62.560 ₫,44% Off,50 Đã bán,(22),Hồ Chí Minh,184.000 ₫,17.000 ₫,Không áp dụng chính sách bảo hành,95%,93%,99%,0,0,1,0,21
34,giày dép,Dép Lê Việt Nam Chống Nước Mùa Hè Dép Sục Thời Trang Dép Lê Dép Nam Giày Đi Biển Nam Sành Điệu Bít Mũi Chống Trượt Giày Cao Su,https://www.lazada.vn/products/dep-le-viet-nam-chong-nuoc-mua-he-dep-suc-thoi-trang-dep-le-dep-nam-giay-di-bien-nam-sanh-dieu-bit-mui-chong-truot-giay-cao-su-i2536674675.html,64.400 ₫,8% Off,27 Đã bán,(8),Nước ngoài,81.000 ₫,17.000 ₫,Không áp dụng chính sách bảo hành,94%,96%,100%,0,1,0,0,7
35,giày dép,"Giày nhựa dẻo, dép cao su nam GS20",https://www.lazada.vn/products/giay-nhua-deo-dep-cao-su-nam-gs20-i2367609678.html,54.173 ₫,64% Off,36 Đã bán,(9),Hà Nội,150.000 ₫,45.100 ₫,3 ngày trả hàng cho Nhà bán hàng,97%,99%,88%,0,0,0,0,9
36,giày dép,Dép Nam Mẫu Mới Mùa Hè 2024 Dép Nam Giày Đi Biển Da Mềm Giày Nam Thường Ngày Dép Da Mềm Đế Dày Dép Rỗng,https://www.lazada.vn/products/dep-nam-mau-moi-mua-he-2024-dep-nam-giay-di-bien-da-mem-giay-nam-thuong-ngay-dep-da-mem-de-day-dep-rong-i2635015995.html,95.000 ₫,14% Off,,(1),Nước ngoài,110.000 ₫,,Không áp dụng chính sách bảo hành,98%,Không đủ thông tin,100%,0,0,0,0,2
37,giày dép,Dép thể thao nữ đàn hồi đàn hồi mùa hè mới sinh viên Flat Out Trong Fairy Wind Roman Beach Giày,https://www.lazada.vn/products/dep-the-thao-nu-dan-hoi-dan-hoi-mua-he-moi-sinh-vien-flat-out-trong-fairy-wind-roman-beach-giay-i2588383814.html,80.644 ₫,50% Off,30 Đã bán,(7),Nước ngoài,162.000 ₫,,Không áp dụng chính sách bảo hành,91%,Không đủ thông tin,100%,0,0,0,0,8
38,giày dép,[FACOTA CHÍNH HÃNG] Giày Dép Sandals Facota Nam Nữ Đen NN01 - Sandal Êm Nhẹ Đẹp,https://www.lazada.vn/products/facota-chinh-hang-giay-dep-sandals-facota-nam-nu-den-nn01-sandal-em-nhe-dep-i1864493237.html,208.662 ₫,46% Off,721 Đã bán,(98),Hồ Chí Minh,389.000 ₫,18.300 ₫,3 ngày trả hàng cho Nhà bán hàng,99%,99%,50%,N/A,N/A,N/A,N/A,N/A
39,giày dép,Sandal nữ đế bệt dây ngang hoạ tiết thời trang size 36/39 giày dép quai hậu nữ đi học,https://www.lazada.vn/products/sandal-nu-de-bet-day-ngang-hoa-tiet-thoi-trang-size-3639-giay-dep-quai-hau-nu-di-hoc-i2044434194.html,99.000 ₫,10% Off,101 Đã bán,(36),Đồng Nai,110.000 ₫,28.700 ₫,3 ngày trả hàng cho Nhà bán hàng,97%,89%,Không đủ thông tin,1,0,0,1,34
40,giày dép,Xăng Đan Giày Lội Nước Lội Suối Thể Thao Nhẹ Tiện Lợi Đục Lỗ Mặt Lưới Thoáng Khí Mẫu Mỏng Mùa Hè Dép Lê Có Lỗ Đi Biển,https://www.lazada.vn/products/xang-dan-giay-loi-nuoc-loi-suoi-the-thao-nhe-tien-loi-duc-lo-mat-luoi-thoang-khi-mau-mong-mua-he-dep-le-co-lo-di-bien-i2406892099.html,79.120 ₫,39% Off,94 Đã bán,(29),Nước ngoài,130.000 ₫,17.000 ₫,Không áp dụng chính sách bảo hành,95%,94%,100%,0,1,1,1,26
41,giày dép,(Sale giá gốc) DÉP LÊ NAM CARO THỜI TRANG,https://www.lazada.vn/products/sale-gia-goc-dep-le-nam-caro-thoi-trang-i2346547711.html,31.000 ₫,53% Off,2.7K Đã bán,(688),Hồ Chí Minh,66.000 ₫,16.500 ₫,3 ngày trả hàng cho Nhà bán hàng,94%,95%,92%,13,8,17,24,626
42,giày dép,Giày Cao Gót Họa Tiết Hoa Tulip Xinh Xắn Thời Trang Cho Nữ,https://www.lazada.vn/products/giay-cao-got-hoa-tiet-hoa-tulip-xinh-xan-thoi-trang-cho-nu-i2607958444.html,71.420 ₫,14% Off,,(1),Nước ngoài,82.850 ₫,,Không áp dụng chính sách bảo hành,96%,Không đủ thông tin,100%,0,0,0,0,1
43,giày dép,Dép lê nữ mùa hè Ins Dép lê WA71,https://www.lazada.vn/products/dep-le-nu-mua-he-ins-dep-le-wa71-i2118098919.html,57.822 ₫,62% Off,1.7K Đã bán,(632),Nước ngoài,153.000 ₫,,Không áp dụng chính sách bảo hành,96%,Không đủ thông tin,100%,12,3,11,25,581
44,giày dép,Summer Thick Sole Roman Women'S Sandals,https://www.lazada.vn/products/summer-thick-sole-roman-womens-sandals-i2649298809.html,371 ₫,40% Off,319 Đã bán,,Nước ngoài,618 ₫,17.000 ₫,Không áp dụng chính sách bảo hành,Không đủ thông tin,Không đủ thông tin,Không đủ thông tin,0,0,0,0,0
45,giày dép,Dép sandal nữ đế mềm phong cách Hàn Quốc thời trang,https://www.lazada.vn/products/dep-sandal-nu-de-mem-phong-cach-han-quoc-thoi-trang-i2625702966.html,12.000 ₫,73% Off,640 Đã bán,(173),Nước ngoài,45.000 ₫,,Được đổi ý,90%,Không đủ thông tin,100%,4,2,3,5,159
46,giày dép,Dép cho nam Kasut selipar Lelaki virus dewasa 2023 phong cách mới đi biển đơn giản hang Giày ngoài trời chống trượt Câu Cá Giày nước một stirrups Giày lười thoải mái baotou Flip-flops dép xỏ ngón nam,https://www.lazada.vn/products/dep-cho-nam-kasut-selipar-lelaki-virus-dewasa-2023-phong-cach-moi-di-bien-don-gian-hang-giay-ngoai-troi-chong-truot-cau-ca-giay-nuoc-mot-stirrups-giay-luoi-thoai-mai-baotou-flip-flops-dep-xo-ngon-nam-i2400560472.html,178.245 ₫,49% Off,43 Đã bán,(22),Nước ngoài,349.000 ₫,,Không áp dụng chính sách bảo hành,95%,93%,100%,0,0,2,0,20
47,giày dép,Kuangaokai【Free Shipping Miễn phí vận chuyển】 2023 mùa hè phiên bản Hàn Quốc Mới Dép Nữ Gót Dày gót vừa phải dép giày nữ,https://www.lazada.vn/products/kuangaokaifree-shipping-mien-phi-van-chuyen-2023-mua-he-phien-ban-han-quoc-moi-dep-nu-got-day-got-vua-phai-dep-giay-nu-i2357894149.html,106.000 ₫,27% Off,363 Đã bán,(142),Nước ngoài,214.000 ₫,,Không áp dụng chính sách bảo hành,96%,Không đủ thông tin,100%,0,0,1,0,141
48,giày dép,QiaoYiLuo Xăng Đan Nữ Mới Xăng Đan Đi Biển Thường Ngày Đế Dày Thời Trang Phong Cách Hàn Quốc,https://www.lazada.vn/products/qiaoyiluo-xang-dan-nu-moi-xang-dan-di-bien-thuong-ngay-de-day-thoi-trang-phong-cach-han-quoc-i2166399951.html,118.000 ₫,56% Off,115 Đã bán,(56),Nước ngoài,266.000 ₫,,Được đổi ý,98%,Không đủ thông tin,100%,0,0,0,1,55
49,giày dép,FUJIN Mới năm sandal nữ dép quai hậu nữ sandal đế cao nữ Đa năng Đàn hồi tốt Chất liệu tốt Tinh tế FDL24303WS,https://www.lazada.vn/products/fujin-moi-nam-sandal-nu-dep-quai-hau-nu-sandal-de-cao-nu-da-nang-dan-hoi-tot-chat-lieu-tot-tinh-te-fdl24303ws-i2605818138.html,43.576 ₫,58% Off,9 Đã bán,(4),Nước ngoài,104.000 ₫,,Không áp dụng chính sách bảo hành,98%,Không đủ thông tin,100%,0,0,0,0,4
50,giày dép,"Dép Sandal Nam, Dép Quai Hậu 2 Quai Dán Mã DP36",https://www.lazada.vn/products/dep-sandal-nam-dep-quai-hau-2-quai-dan-ma-dp36-i2523491439.html,98.000 ₫,,88 Đã bán,(27),Hồ Chí Minh,,16.500 ₫,3 ngày trả hàng cho Nhà bán hàng,88%,3%,46%,3,0,1,0,23
51,giày dép,Dép quai ngang MINGSHENG đế dày chống trượt thời trang hè cho cặp đôi,https://www.lazada.vn/products/dep-quai-ngang-mingsheng-de-day-chong-truot-thoi-trang-he-cho-cap-doi-i2633002971.html,29.000 ₫,28% Off,188 Đã bán,(63),Nước ngoài,40.000 ₫,,Không áp dụng chính sách bảo hành,96%,Không đủ thông tin,100%,6,2,2,2,51
52,giày dép,Mới Dép Sandal Đế Mềm Phong Cách Hàn Quốc Thời Trang Cho Nữ,https://www.lazada.vn/products/moi-dep-sandal-de-mem-phong-cach-han-quoc-thoi-trang-cho-nu-i2602027048.html,19.266 ₫,56% Off,436 Đã bán,(108),Nước ngoài,44.000 ₫,,Không áp dụng chính sách bảo hành,95%,Không đủ thông tin,100%,2,3,2,7,95
53,giày dép,Dép Nữ Mùa Hè Mới Dép Bệt Đi Biển Thời Trang Hàn Quốc Dép Đế Mềm 2024 Kiểu Mới (36-40),https://www.lazada.vn/products/dep-nu-mua-he-moi-dep-bet-di-bien-thoi-trang-han-quoc-dep-de-mem-2024-kieu-moi-36-40-i2611452699.html,18.436 ₫,67% Off,89 Đã bán,(18),Nước ngoài,56.000 ₫,,Không áp dụng chính sách bảo hành,95%,Không đủ thông tin,100%,1,0,0,2,15
54,giày dép,GIÀY XĂNG ĐAN CHO BÉ TRAI BÉ GÁI 12345678910 TUỔI. DÉP QUAI HẬU CHO BÉ ĐI HỌC. GIÀY BẰNG NHỰA MỀM CHO BÉ TRAI BÉ GÁI. MY LITTLE BOSS,https://www.lazada.vn/products/giay-xang-dan-cho-be-trai-be-gai-12345678910-tuoi-dep-quai-hau-cho-be-di-hoc-giay-bang-nhua-mem-cho-be-trai-be-gai-my-little-boss-i2212503653.html,57.820 ₫,61% Off,185 Đã bán,(51),Hồ Chí Minh,150.000 ₫,16.500 ₫,3 ngày trả hàng cho Nhà bán hàng,98%,98%,100%,0,0,0,3,49
55,giày dép,"Dép sandal nam quai ngang đế chữ FASHION thời trang, dép xăng đan quai hậu học sinh nam đi cực bền êm chân chống trơn trượt tốt TH-15",https://www.lazada.vn/products/dep-sandal-nam-quai-ngang-de-chu-fashion-thoi-trang-dep-xang-dan-quai-hau-hoc-sinh-nam-di-cuc-ben-em-chan-chong-tron-truot-tot-th-15-i2342689770.html,65.226 ₫,,389 Đã bán,(142),Hồ Chí Minh,,16.500 ₫,3 ngày trả hàng cho Nhà bán hàng,88%,3%,46%,9,3,3,7,119
56,giày dép,"Dép Cao Su , Dép Thời Chiến",https://www.lazada.vn/products/dep-cao-su-dep-thoi-chien-i2385007896.html,55.000 ₫,45% Off,93 Đã bán,(34),Hưng Yên,100.000 ₫,37.700 ₫,3 ngày trả hàng cho Nhà bán hàng,94%,100%,100%,0,0,4,0,31
57,giày dép,Giày Lỗ Dừa Dép Lê Thể Thao Đế Mềm Đục Lỗ Bít Mũi Đi Bên Ngoài Mùa Hè Mẫu Nam Xăng Đan Đi Biển Chống Trượt Cảm Giác Giẫm Đạp,https://www.lazada.vn/products/giay-lo-dua-dep-le-the-thao-de-mem-duc-lo-bit-mui-di-ben-ngoai-mua-he-mau-nam-xang-dan-di-bien-chong-truot-cam-giac-giam-dap-i2422377773.html,116.840 ₫,31% Off,71 Đã bán,(33),Hồ Chí Minh,216.000 ₫,17.000 ₫,Không áp dụng chính sách bảo hành,95%,94%,100%,0,0,1,0,32
58,giày dép,Xăng đan nữ đế xuồng đế xuồng ấm cúng Xăng đan đi biển Ngoài trời Xăng đan thiết kế dây thun Giày Dép Nữ mùa hè mới 2023,https://www.lazada.vn/products/xang-dan-nu-de-xuong-de-xuong-am-cung-xang-dan-di-bien-ngoai-troi-xang-dan-thiet-ke-day-thun-giay-dep-nu-mua-he-moi-2023-i2404207522.html,146.970 ₫,,,,Nước ngoài,,23.500 ₫,Không áp dụng chính sách bảo hành,92%,33%,Không đủ thông tin,0,0,0,0,0
59,giày dép,[FACOTA CHÍNH HÃNG] Giày Dép Sandals Facota Nam Nữ Đen Full GLC01 - Sandal Êm Nhẹ Đẹp,https://www.lazada.vn/products/facota-chinh-hang-giay-dep-sandals-facota-nam-nu-den-full-glc01-sandal-em-nhe-dep-i2520005158.html,208.000 ₫,47% Off,96 Đã bán,(13),Hồ Chí Minh,389.000 ₫,18.300 ₫,3 ngày trả hàng cho Nhà bán hàng,99%,99%,50%,0,0,0,0,13
60,giày dép,"Dép Lỗ, Dép Nam Cặp Đôi, Dép Nam Trang Trí Tự Làm Hoạt Hình Siêu Dày Cho Nam Giới, Giày Bít Mũi Cho Người Trung Niên Và Già, Cảm Giác Giẫm Đạp",https://www.lazada.vn/products/dep-lo-dep-nam-cap-doi-dep-nam-trang-tri-tu-lam-hoat-hinh-sieu-day-cho-nam-gioi-giay-bit-mui-cho-nguoi-trung-nien-va-gia-cam-giac-giam-dap-i2412540426.html,62.000 ₫,33% Off,175 Đã bán,(57),Hồ Chí Minh,,17.000 ₫,Không áp dụng chính sách bảo hành,95%,94%,100%,0,1,1,1,54
61,giày dép,Dép xăng Đan Tofuns Cho Nam Giày Đi Biển Dép Thời Trang Giảm Giá Dép Xỏ Ngón Thoải Mái Dép Nam Đẹp Nhất 2023,https://www.lazada.vn/products/dep-xang-dan-tofuns-cho-nam-giay-di-bien-dep-thoi-trang-giam-gia-dep-xo-ngon-thoai-mai-dep-nam-dep-nhat-2023-i2001196288.html,110.407 ₫,56% Off,41 Đã bán,(14),Nước ngoài,300.000 ₫,17.000 ₫,Không áp dụng chính sách bảo hành,95%,96%,Không đủ thông tin,0,0,0,0,14
62,giày dép,Dép Lê Thể Thao Li-Ning Giày Nữ Dép Xăng Đan Thường Ngày Ngoài Trời Dễ Phối Đi Bên Ngoài Đi Biển Chống Trượt Nhẹ Tiện Ở Nhà Mẫu Mới Mùa Hè,https://www.lazada.vn/products/dep-le-the-thao-li-ning-giay-nu-dep-xang-dan-thuong-ngay-ngoai-troi-de-phoi-di-ben-ngoai-di-bien-chong-truot-nhe-tien-o-nha-mau-moi-mua-he-i1926495604.html,278.760 ₫,35% Off,72 Đã bán,(18),Nước ngoài,426.000 ₫,17.000 ₫,Không áp dụng chính sách bảo hành,96%,95%,100%,0,0,0,2,17
63,giày dép,"Giày Cao Su Cao Su Lồng Lợn Cổ Điển Mùa Hè Cho Nam Giới 2023, Dép Kỳ Cựu, Giày Bít Mũi Giải Phóng Mẫu Nhựa",https://www.lazada.vn/products/giay-cao-su-cao-su-long-lon-co-dien-mua-he-cho-nam-gioi-2023-dep-ky-cuu-giay-bit-mui-giai-phong-mau-nhua-i2325865888.html,111.320 ₫,8% Off,133 Đã bán,(45),Nước ngoài,124.000 ₫,17.000 ₫,Không áp dụng chính sách bảo hành,95%,93%,99%,0,1,1,1,42
64,giày dép,Giày sandal dép xăng đan nữ dây chéo thắt bính,https://www.lazada.vn/products/giay-sandal-dep-xang-dan-nu-day-cheo-that-binh-i1877212826.html,49.000 ₫,46% Off,261 Đã bán,(54),Cà Mau,90.000 ₫,28.700 ₫,3 ngày trả hàng cho Nhà bán hàng,95%,82%,100%,0,1,0,7,46
65,giày dép,Dép Lê Li-ning Giày Cặp Đôi Đi Bên Ngoài Chống Trượt Mẫu Mới 2023 Giày Đi Biển Bơi Thể Thao Dép Lê Thoáng Khí Chống Nước Hàng Chính Hãng,https://www.lazada.vn/products/dep-le-li-ning-giay-cap-doi-di-ben-ngoai-chong-truot-mau-moi-2023-giay-di-bien-boi-the-thao-dep-le-thoang-khi-chong-nuoc-hang-chinh-hang-i2266111545.html,378.000 ₫,46% Off,33 Đã bán,(9),Nước ngoài,699.000 ₫,17.000 ₫,Không áp dụng chính sách bảo hành,95%,99%,100%,0,0,0,0,9
66,giày dép,HOÀN TIỀN 15% - Dép có quai hậu Cross Literide 360 giày sục sandal quai ngang bít đầu nam nữ chống thấm nước đi mưa nắng thoải mái màu xám,https://www.lazada.vn/products/hoan-tien-15-dep-co-quai-hau-cross-literide-360-giay-suc-sandal-quai-ngang-bit-dau-nam-nu-chong-tham-nuoc-di-mua-nang-thoai-mai-mau-xam-i2030441298.html,191.902 ₫,42% Off,362 Đã bán,(133),Hồ Chí Minh,330.000 ₫,19.600 ₫,3 ngày trả hàng cho Nhà bán hàng,96%,99%,83%,0,0,3,5,126
67,giày dép,JZZL Giày có lỗ đế siêu dày Áo khoác ngoài nữ tăng thời trang Giày bố Bao Đầu dép nửa dép muffin và dép đi biển,https://www.lazada.vn/products/jzzl-giay-co-lo-de-sieu-day-ao-khoac-ngoai-nu-tang-thoi-trang-giay-bo-bao-dau-dep-nua-dep-muffin-va-dep-di-bien-i2294264624.html,147.000 ₫,46% Off,647 Đã bán,(469),Nước ngoài,270.400 ₫,,Được đổi ý,100%,Không đủ thông tin,92%,0,0,0,2,467
68,giày dép,[Hoàn Tiền 15%]Dép sục - giày sục lưới cực xinh 001,https://www.lazada.vn/products/hoan-tien-15dep-suc-giay-suc-luoi-cuc-xinh-001-i755548636.html,19.000 ₫,83% Off,1.2K Đã bán,(242),Hà Nội,110.000 ₫,32.700 ₫,3 ngày trả hàng cho Nhà bán hàng,96%,89%,94%,N/A,N/A,N/A,N/A,N/A
69,giày dép,B1OCK STORE Mới năm sandal nữ dép quai hậu nữ sandal đế cao nữ Lót êm ái Độc đáo Tự tin Độc lạ B98G0MW,https://www.lazada.vn/products/b1ock-store-moi-nam-sandal-nu-dep-quai-hau-nu-sandal-de-cao-nu-lot-em-ai-doc-dao-tu-tin-doc-la-b98g0mw-i2622092261.html,53.000 ₫,65% Off,,(2),Nước ngoài,149.800 ₫,,Không áp dụng chính sách bảo hành,99%,Không đủ thông tin,100%,0,0,0,0,2
70,giày dép,"Giày Croc S Hole, Dép Nam Mới 2020 Giày Xăng Đan Đi Biển Baotou Đế Mềm Chống Trượt Mùa Hè Hợp Xu Hướng",https://www.lazada.vn/products/giay-croc-s-hole-dep-nam-moi-2020-giay-xang-dan-di-bien-baotou-de-mem-chong-truot-mua-he-hop-xu-huong-i2160490465.html,166.000 ₫,52% Off,66 Đã bán,(20),Hồ Chí Minh,349.000 ₫,17.000 ₫,Không bảo hành 10 tháng,97%,96%,Không đủ thông tin,1,0,0,1,18
71,giày dép,Giày Lỗ Dừa Dép Lê Đi Biển Bít Mũi Thể Thao Đế Mềm Chống Trượt Đi Ra Ngoài Thương Hiệu Sành Điệu Instagram Nổi Tiếng Trên Mạng Mùa Hè Mẫu Nam,https://www.lazada.vn/products/giay-lo-dua-dep-le-di-bien-bit-mui-the-thao-de-mem-chong-truot-di-ra-ngoai-thuong-hieu-sanh-dieu-instagram-noi-tieng-tren-mang-mua-he-mau-nam-i1929388679.html,113.160 ₫,17% Off,188 Đã bán,(42),Hồ Chí Minh,138.000 ₫,17.000 ₫,Không áp dụng chính sách bảo hành,95%,93%,99%,0,0,1,2,39
72,giày dép,Xăng Đan 2024cb Giày Thường Ngày Bít Mũi Da Thật Thể Thao Ngoài Trời Sành Điệu Cho Nam Dép Lê Mẫu Mới Mùa Hè Thoáng Khí Nam Đi Biển,https://www.lazada.vn/products/xang-dan-2024cb-giay-thuong-ngay-bit-mui-da-that-the-thao-ngoai-troi-sanh-dieu-cho-nam-dep-le-mau-moi-mua-he-thoang-khi-nam-di-bien-i1899306312.html,221.000 ₫,,415 Đã bán,(184),Nước ngoài,,17.000 ₫,Không áp dụng chính sách bảo hành,96%,95%,100%,4,0,4,8,168
73,giày dép,BW Dép Nữ Phong Cách Mới Phiên Bản Hàn Quốc Đế Phẳng Dây Đeo Dép Mặc Ngoài Trời Giải Trí Kỳ Nghỉ Đi Biển Giày Nữ,https://www.lazada.vn/products/bw-dep-nu-phong-cach-moi-phien-ban-han-quoc-de-phang-day-deo-dep-mac-ngoai-troi-giai-tri-ky-nghi-di-bien-giay-nu-i2598834045.html,70.056 ₫,56% Off,30 Đã bán,(10),Nước ngoài,159.000 ₫,,Không áp dụng chính sách bảo hành,94%,Không đủ thông tin,100%,0,0,0,1,9
74,giày dép,"Yunguang dép đế dày mùa hè thanh lịch ngoài trời mới cho nữ, xăng đan có khóa đa năng, Giày đế mềm phong cách Pháp mùa hè",https://www.lazada.vn/products/yunguang-dep-de-day-mua-he-thanh-lich-ngoai-troi-moi-cho-nu-xang-dan-co-khoa-da-nang-giay-de-mem-phong-cach-phap-mua-he-i2633148151.html,106.000 ₫,45% Off,20 Đã bán,(18),Nước ngoài,193.600 ₫,,Được đổi ý,99%,Không đủ thông tin,100%,0,0,0,0,18
75,giày dép,YUNGUANG Giày sandal nữ đế dày đế dày chống trượt phong cách mới Giày xỏ lỗ cảm giác xỏ ngón phong cách mới cho nữ dép hồng hoạt hình Dép và guốc đôi chất lượng cao【Free Shipping Miễn phí vận chuyển】,https://www.lazada.vn/products/yunguang-giay-sandal-nu-de-day-de-day-chong-truot-phong-cach-moi-giay-xo-lo-cam-giac-xo-ngon-phong-cach-moi-cho-nu-dep-hong-hoat-hinh-dep-va-guoc-doi-chat-luong-caofree-shipping-mien-phi-van-chuyen-i2301956585.html,67.000 ₫,60% Off,1.7K Đã bán,(922),Nước ngoài,169.000 ₫,,Được đổi ý,99%,Không đủ thông tin,100%,6,4,7,8,897
76,giày dép,Dép lốp - dép cao su Bác Hồ - chọn lên 1 size,https://www.lazada.vn/products/dep-lop-dep-cao-su-bac-ho-chon-len-1-size-i1359582557.html,39.000 ₫,,868 Đã bán,(188),Quảng Ngãi,,37.700 ₫,3 ngày trả hàng cho Nhà bán hàng,96%,100%,71%,7,0,4,8,169
77,giày dép,Giày Xỏ Lỗ Cảm Giác Cứt Dép Nam Đế Dày Đế Mềm Chống Trượt Dép Đi Biển Bít Mũi Đơn Giản Đi Bên Ngoài Nam Ngoài Trời,https://www.lazada.vn/products/giay-xo-lo-cam-giac-cut-dep-nam-de-day-de-mem-chong-truot-dep-di-bien-bit-mui-don-gian-di-ben-ngoai-nam-ngoai-troi-i2635527855.html,102.000 ₫,39% Off,,,Nước ngoài,168.000 ₫,17.000 ₫,Không áp dụng chính sách bảo hành,100%,74%,Không đủ thông tin,0,0,0,0,0
78,giày dép,[FACOTA CHÍNH HÃNG] Giày Dép Sandals Facota Nam Nữ Xám NN011 - Sandal Êm Nhẹ Đẹp,https://www.lazada.vn/products/facota-chinh-hang-giay-dep-sandals-facota-nam-nu-xam-nn011-sandal-em-nhe-dep-i1865510785.html,208.662 ₫,46% Off,487 Đã bán,(104),Hồ Chí Minh,389.000 ₫,18.300 ₫,3 ngày trả hàng cho Nhà bán hàng,99%,99%,50%,N/A,N/A,N/A,N/A,N/A
79,giày dép,Giày Lỗ Dép Cho Mẹ Đế Mềm Cho Nữ Giày Sandal Chống Trượt Thoáng Khí Giày Y Tá Màu Trắng Đục Lỗ Giày Trắng Nhỏ Bệnh Viện Giày Đi Mưa Mùa Hè,https://www.lazada.vn/products/giay-lo-dep-cho-me-de-mem-cho-nu-giay-sandal-chong-truot-thoang-khi-giay-y-ta-mau-trang-duc-lo-giay-trang-nho-benh-vien-giay-di-mua-mua-he-i2410015224.html,65.320 ₫,46% Off,25 Đã bán,(6),Nước ngoài,122.000 ₫,17.000 ₫,Không áp dụng chính sách bảo hành,95%,96%,100%,0,0,0,0,6
80,giày dép,Giày quai dán cho bé gái hình thỏ siêu dễ thương êm chân cho bé đi học,https://www.lazada.vn/products/giay-quai-dan-cho-be-gai-hinh-tho-sieu-de-thuong-em-chan-cho-be-di-hoc-i2597961375.html,62.678 ₫,48% Off,10 Đã bán,(2),Hồ Chí Minh,120.000 ₫,18.300 ₫,3 ngày trả hàng cho Nhà bán hàng,98%,100%,94%,0,0,0,0,3
81,giày dép,"Giày nhựa dẻo, dép nam cao su GS19",https://www.lazada.vn/products/giay-nhua-deo-dep-nam-cao-su-gs19-i2367628658.html,49.442 ₫,67% Off,17 Đã bán,(5),Hà Nội,150.000 ₫,45.100 ₫,3 ngày trả hàng cho Nhà bán hàng,97%,99%,88%,0,0,0,0,5
82,giày dép,DÉP NHỰA TRẮNG QUAI HẬU TIỀN PHONG - LOẠI A,https://www.lazada.vn/products/dep-nhua-trang-quai-hau-tien-phong-loai-a-i1965779460.html,62.437 ₫,34% Off,67 Đã bán,(18),Hà Nội,95.000 ₫,32.700 ₫,3 ngày trả hàng cho Nhà bán hàng,92%,100%,90%,0,0,0,1,17
83,giày dép,DÉP QUAI NGANG UNISEX CARO ĐẸP BỀN,https://www.lazada.vn/products/dep-quai-ngang-unisex-caro-dep-ben-i2335921016.html,30.168 ₫,61% Off,55 Đã bán,(9),Hồ Chí Minh,78.000 ₫,16.500 ₫,3 ngày trả hàng cho Nhà bán hàng,93%,92%,100%,0,0,0,0,9
84,giày dép,Summer New Fashion Trend Thick Sole Outdoor Two Wear Sandals,https://www.lazada.vn/products/summer-new-fashion-trend-thick-sole-outdoor-two-wear-sandals-i2649533329.html,383 ₫,40% Off,250 Đã bán,,Nước ngoài,638 ₫,17.000 ₫,Không áp dụng chính sách bảo hành,Không đủ thông tin,Không đủ thông tin,Không đủ thông tin,0,0,0,0,0
85,giày dép,Giày Cao Gót 5cm bít mũi kim tuyến -Mã Số CG38,https://www.lazada.vn/products/giay-cao-got-5cm-bit-mui-kim-tuyen-ma-so-cg38-i2422364156.html,125.000 ₫,50% Off,221 Đã bán,(81),Hồ Chí Minh,250.000 ₫,18.300 ₫,3 ngày trả hàng cho Nhà bán hàng,97%,96%,66%,1,0,2,1,78
86,giày dép,AOKANG Xăng Đan Mới Xăng Đan Thời Trang Gót Vuông Miệng Cá Gót Túi Xăng Đan Đế Bằng Giày Trượt Bên Ngoài Thường Ngày,https://www.lazada.vn/products/aokang-xang-dan-moi-xang-dan-thoi-trang-got-vuong-mieng-ca-got-tui-xang-dan-de-bang-giay-truot-ben-ngoai-thuong-ngay-i2141312844.html,57.000 ₫,70% Off,2.2K Đã bán,(862),Nước ngoài,192.000 ₫,,Được đổi ý,98%,Không đủ thông tin,100%,7,5,15,22,814
87,giày dép,BW Dép Xăng Đan Cao Gót Đế Dày Bánh Xốp Dép Lê Houndstooth Cao Cấp Kiểu Pháp Dễ Phối Đồ Đi Chơi Mùa Hè Cho Nữ,https://www.lazada.vn/products/bw-dep-xang-dan-cao-got-de-day-banh-xop-dep-le-houndstooth-cao-cap-kieu-phap-de-phoi-do-di-choi-mua-he-cho-nu-i2602603166.html,47.575 ₫,52% Off,113 Đã bán,(34),Nước ngoài,99.000 ₫,,Không áp dụng chính sách bảo hành,94%,Không đủ thông tin,100%,2,0,4,0,28
88,giày dép,RENBEN Dép Dừa Dép Cặp Đôi Mẫu Mới Và Dép Đi Trong Nhà Đi Ngoài Phong Cách Instagram Đế Dày Chống Trượt,https://www.lazada.vn/products/renben-dep-dua-dep-cap-doi-mau-moi-va-dep-di-trong-nha-di-ngoai-phong-cach-instagram-de-day-chong-truot-i1855306777.html,66.000 ₫,69% Off,4.2K Đã bán,(1384),Nước ngoài,215.000 ₫,,Được đổi ý,100%,Không đủ thông tin,100%,20,8,27,43,1286
89,giày dép,Giày sandal cao gót vuông 5p quai mảnh kết bính chéo chân siêu xinh SD11,https://www.lazada.vn/products/giay-sandal-cao-got-vuong-5p-quai-manh-ket-binh-cheo-chan-sieu-xinh-sd11-i2351653603.html,104.833 ₫,61% Off,137 Đã bán,(60),Hồ Chí Minh,270.000 ₫,16.500 ₫,3 ngày trả hàng cho Nhà bán hàng,97%,98%,100%,0,1,0,4,56
90,giày dép,"AMILA💖[rẻ vô địch] Dép đi trong phòng cho trẻ em em bé mát mẻ mùa hè mềm chống trượt trong phòng bé trai và cô gái trẻ em mặc,giày bé trai,dép lê cho bé trai,dép trẻ em,dép cho bé",https://www.lazada.vn/products/amilare-vo-dich-dep-di-trong-phong-cho-tre-em-em-be-mat-me-mua-he-mem-chong-truot-trong-phong-be-trai-va-co-gai-tre-em-macgiay-be-traidep-le-cho-be-traidep-tre-emdep-cho-be-i2615375521.html,62.000 ₫,44% Off,90 Đã bán,(78),Nước ngoài,120.000 ₫,,Được đổi ý,98%,Không đủ thông tin,100%,0,0,0,0,78
91,giày dép,"Dép nam da thật,đế cao su đúc chống nước siêu bền- mã E1",https://www.lazada.vn/products/dep-nam-da-thatde-cao-su-duc-chong-nuoc-sieu-ben-ma-e1-i595928865.html,99.000 ₫,50% Off,950 Đã bán,(281),Hà Nội,199.000 ₫,38.000 ₫,3 ngày trả hàng cho Nhà bán hàng,94%,99%,76%,12,6,10,25,228
92,giày dép,QiaoYiLuo Cặp Đôi Nam Dép Lê Mới Có Thể Mặc Đế Dày Dép Thời Trang Giày Nữ,https://www.lazada.vn/products/qiaoyiluo-cap-doi-nam-dep-le-moi-co-the-mac-de-day-dep-thoi-trang-giay-nu-i2180347076.html,53.000 ₫,56% Off,368 Đã bán,(221),Nước ngoài,120.000 ₫,,Được đổi ý,98%,Không đủ thông tin,100%,2,0,1,2,216
93,giày dép,Xăng Đan Bé Gái Xăng Đan Thời Trang Trẻ Em Mẫu Mới Mùa Hè 2024 Trẻ Em Lớn Nhỡ Dép Đi Biển Đế Mềm Thường Ngày Bé Gái,https://www.lazada.vn/products/xang-dan-be-gai-xang-dan-thoi-trang-tre-em-mau-moi-mua-he-2024-tre-em-lon-nho-dep-di-bien-de-mem-thuong-ngay-be-gai-i2518055091.html,126.040 ₫,70% Off,60 Đã bán,(20),Hồ Chí Minh,422.000 ₫,17.000 ₫,Không áp dụng chính sách bảo hành,95%,93%,99%,0,0,0,1,19
94,giày dép,Giày nam EVA! Dép nữ! Giày mùa hè! Dép ngoài trời! Dép trong nhà! Dép trong phòng tắm!,https://www.lazada.vn/products/giay-nam-eva-dep-nu-giay-mua-he-dep-ngoai-troi-dep-trong-nha-dep-trong-phong-tam-i2503451101.html,32.682 ₫,59% Off,66 Đã bán,(14),Hồ Chí Minh,79.000 ₫,20.100 ₫,3 ngày trả hàng cho Nhà bán hàng,95%,100%,100%,0,0,0,0,15
95,giày dép,Dép Sandal Nam ALTA Cực Chất 2021 - sandal nam - sandal học sinh đi cực êm chân bền hàng cao cấp,https://www.lazada.vn/products/dep-sandal-nam-alta-cuc-chat-2021-sandal-nam-sandal-hoc-sinh-di-cuc-em-chan-ben-hang-cao-cap-i2523459602.html,70.000 ₫,,40 Đã bán,(13),Hồ Chí Minh,,16.500 ₫,3 ngày trả hàng cho Nhà bán hàng,88%,3%,46%,0,0,0,0,13
96,giày dép,Dép Sandal kuromi sanrio cực đẹp cho bé quai dán chống trượt,https://www.lazada.vn/products/dep-sandal-kuromi-sanrio-cuc-dep-cho-be-quai-dan-chong-truot-i2614808707.html,56.691 ₫,43% Off,119 Đã bán,(42),Hồ Chí Minh,99.000 ₫,16.500 ₫,3 ngày trả hàng cho Nhà bán hàng,96%,99%,88%,0,0,0,0,42
97,giày dép,"Dép sandal (Xăng Đan) nam học sinh, giày sandal quai ngang đế cao su non đi cực êm quai khóa chốt chắc trắn siêu bền TH-02",https://www.lazada.vn/products/dep-sandal-xang-dan-nam-hoc-sinh-giay-sandal-quai-ngang-de-cao-su-non-di-cuc-em-quai-khoa-chot-chac-tran-sieu-ben-th-02-i1288768392.html,80.000 ₫,50% Off,2.0K Đã bán,(476),Hà Nội,160.000 ₫,38.000 ₫,3 ngày trả hàng cho Nhà bán hàng,95%,92%,100%,N/A,N/A,N/A,N/A,N/A
98,giày dép,Xăng Đan Đi Bên Ngoài Mùa Hè Nam Dép Đi Biển Mềm Mại Thời Trang Thoáng Khí Mẫu Mới 2024 Dép Lê Nam Cho Bố Trung Niên Và Già,https://www.lazada.vn/products/xang-dan-di-ben-ngoai-mua-he-nam-dep-di-bien-mem-mai-thoi-trang-thoang-khi-mau-moi-2024-dep-le-nam-cho-bo-trung-nien-va-gia-i2524927852.html,72.680 ₫,30% Off,20 Đã bán,(9),Hồ Chí Minh,105.000 ₫,17.000 ₫,Không áp dụng chính sách bảo hành,96%,95%,100%,1,0,1,0,7
99,giày dép,Xăng Đan Da Đục Lỗ Mùa Hè Cho Nam Giày Lỗ Mặt Mềm Đế Mềm Thoáng Khí Thường Ngày Giày Bố Công Sở Trung Niên Và Cao Tuổi,https://www.lazada.vn/products/xang-dan-da-duc-lo-mua-he-cho-nam-giay-lo-mat-mem-de-mem-thoang-khi-thuong-ngay-giay-bo-cong-so-trung-nien-va-cao-tuoi-i2212840877.html,149.071 ₫,50% Off,53 Đã bán,(18),Hồ Chí Minh,298.140 ₫,Miễn phí,Không áp dụng chính sách bảo hành,85%,100%,Không đủ thông tin,2,0,2,0,14
100,giày dép,Dép Lê Bobdog Giày Đế Mềm Trong Nhà Nhẹ Tiện Lợi EVA Em Bé Kháng Khuẩn Chống Trơn Trượt Trẻ Em Mùa Hè Đi Bên Ngoài Thoải Mái Mềm Mại,https://www.lazada.vn/products/dep-le-bobdog-giay-de-mem-trong-nha-nhe-tien-loi-eva-em-be-khang-khuan-chong-tron-truot-tre-em-mua-he-di-ben-ngoai-thoai-mai-mem-mai-i1704684981.html,116.000 ₫,68% Off,343 Đã bán,(112),Nước ngoài,,,,,,,N/A,N/A,N/A,N/A,N/A
101,giày dép,Dép có quai hậu Cross Literide 360 giày sục sandal TẶNG VỚ Cao Cấp quai ngang bít đầu nam nữ chống thấm nước đi mưa nắng thoải mái màu nâu,https://www.lazada.vn/products/dep-co-quai-hau-cross-literide-360-giay-suc-sandal-tang-vo-cao-cap-quai-ngang-bit-dau-nam-nu-chong-tham-nuoc-di-mua-nang-thoai-mai-mau-nau-i2030312888.html,204.300 ₫,38% Off,187 Đã bán,(61),Hồ Chí Minh,,,,,,,N/A,N/A,N/A,N/A,N/A
102,giày dép,FUJIN Mới năm sandal nữ dép quai hậu nữ sandal đế cao nữ Tinh tế Nổi bật Trẻ trung Thiết kế độc đáo FDL2430EXR,https://www.lazada.vn/products/fujin-moi-nam-sandal-nu-dep-quai-hau-nu-sandal-de-cao-nu-tinh-te-noi-bat-tre-trung-thiet-ke-doc-dao-fdl2430exr-i2605851028.html,55.000 ₫,50% Off,5 Đã bán,(2),Nước ngoài,,,,,Không đủ thông tin,100%,0,0,0,0,2
103,giày dép,Giày Có Lỗ Cho Nam Giày Đi Biển Chống Trượt Mùa Đông Chống Nước Ngoài Trời Thoáng Khí Lội Nước Bọc Mũi Mẫu Mới Mùa Đông 2024,https://www.lazada.vn/products/giay-co-lo-cho-nam-giay-di-bien-chong-truot-mua-dong-chong-nuoc-ngoai-troi-thoang-khi-loi-nuoc-boc-mui-mau-moi-mua-dong-2024-i1990459539.html,106.720 ₫,24% Off,146 Đã bán,(51),Hồ Chí Minh,174.000 ₫,17.000 ₫,Không áp dụng chính sách bảo hành,96%,95%,100%,0,0,2,1,49
104,giày dép,Kuangaokai【Free Shipping Miễn phí vận chuyển】 Nóng nhất và đẹp nhất giày trong 2023 thông gió chống trượt thời trang dép xỏ ngón nam,https://www.lazada.vn/products/kuangaokaifree-shipping-mien-phi-van-chuyen-nong-nhat-va-dep-nhat-giay-trong-2023-thong-gio-chong-truot-thoi-trang-dep-xo-ngon-nam-i2328200971.html,98.000 ₫,25% Off,107 Đã bán,(53),Nước ngoài,195.000 ₫,,Không áp dụng chính sách bảo hành,96%,Không đủ thông tin,100%,0,0,1,5,47
105,giày dép,Giày sandal nam nữ unisex 3 quai. Quai hậu rời biến thành dép lê. Size từ 36 đến 43.,https://www.lazada.vn/products/giay-sandal-nam-nu-unisex-3-quai-quai-hau-roi-bien-thanh-dep-le-size-tu-36-den-43-i1869112173.html,69.000 ₫,50% Off,309 Đã bán,(169),Hà Nội,139.000 ₫,32.700 ₫,3 ngày trả hàng cho Nhà bán hàng,94%,79%,100%,5,1,1,4,159
106,giày dép,Dép Lỗ Dép Đi Biển Trào Lưu Đế Dày Chống Trượt Mùa Hè Cho Nam Mẫu Mới 2022 Dép Lê Thoáng Khí Ngoài Trời Thường Ngày,https://www.lazada.vn/products/dep-lo-dep-di-bien-trao-luu-de-day-chong-truot-mua-he-cho-nam-mau-moi-2022-dep-le-thoang-khi-ngoai-troi-thuong-ngay-i1929260679.html,105.800 ₫,56% Off,187 Đã bán,(52),Nước ngoài,245.000 ₫,17.000 ₫,Không áp dụng chính sách bảo hành,96%,95%,100%,4,0,2,2,44
107,giày dép,Dép nam nữ quai da bản sao đinh đen trắng hot trend( hàng loại 1),https://www.lazada.vn/products/dep-nam-nu-quai-da-ban-sao-dinh-den-trang-hot-trend-hang-loai-1-i2619597803.html,33.000 ₫,,16 Đã bán,(5),Hải Dương,165.000 ₫,37.700 ₫,3 ngày trả hàng cho Nhà bán hàng,Nhà bán hàng mới,96%,Không đủ thông tin,0,0,0,0,5
108,giày dép,"Dép bánh mì nam nữ, Dép Đúc Nữ ,dép bánh mì tặng kèm Sticker dễ thương bản cao cấp đế 4cm",https://www.lazada.vn/products/dep-banh-mi-nam-nu-dep-duc-nu-dep-banh-mi-tang-kem-sticker-de-thuong-ban-cao-cap-de-4cm-i2605635388.html,49.900 ₫,50% Off,6 Đã bán,(3),Hồ Chí Minh,100.000 ₫,19.600 ₫,3 ngày trả hàng cho Nhà bán hàng,85%,96%,99%,1,1,0,0,1
109,giày dép,Giày Cao Gót Phong Cách Pháp Giày Cao Gót Nữ 2023 Mẫu Mới Mùa Xuân Bít Mũi Miệng Nông Mũi Vuông Thời Trang Dép Mary Jane Cao Cấp,https://www.lazada.vn/products/giay-cao-got-phong-cach-phap-giay-cao-got-nu-2023-mau-moi-mua-xuan-bit-mui-mieng-nong-mui-vuong-thoi-trang-dep-mary-jane-cao-cap-i2597932530.html,129.231 ₫,10% Off,,,Nước ngoài,143.591 ₫,17.000 ₫,Không áp dụng chính sách bảo hành,Không đủ thông tin,100%,Không đủ thông tin,0,0,0,0,0
110,giày dép,BW Dép Sandal Đế Xuồng Dày Dặn Chống Thấm Nước Thời Trang Dành Cho Nữ,https://www.lazada.vn/products/bw-dep-sandal-de-xuong-day-dan-chong-tham-nuoc-thoi-trang-danh-cho-nu-i2598098380.html,107.264 ₫,46% Off,67 Đã bán,(16),Nước ngoài,199.000 ₫,,Không áp dụng chính sách bảo hành,94%,Không đủ thông tin,100%,0,0,0,1,15
111,giày dép,"Dép bánh mì quai ngang, 2 dây đế cao, đính đá siêu nhẹ êm chân tăng chiều cao đi biển chống nước",https://www.lazada.vn/products/dep-banh-mi-quai-ngang-2-day-de-cao-dinh-da-sieu-nhe-em-chan-tang-chieu-cao-di-bien-chong-nuoc-i2616615635.html,47.405 ₫,53% Off,43 Đã bán,(8),Hồ Chí Minh,100.000 ₫,19.600 ₫,3 ngày trả hàng cho Nhà bán hàng,87%,96%,34%,0,0,0,0,8
112,giày dép,"Qiaoyiluo Croc giày cho nữ, xăng đan hở ngón đa năng cho gia đình, dép đế dày cho nữ, giày nữ",https://www.lazada.vn/products/qiaoyiluo-croc-giay-cho-nu-xang-dan-ho-ngon-da-nang-cho-gia-dinh-dep-de-day-cho-nu-giay-nu-i2617653543.html,96.000 ₫,44% Off,32 Đã bán,(19),Nước ngoài,171.200 ₫,,Được đổi ý,98%,Không đủ thông tin,100%,0,0,0,0,19
113,giày dép,Dép sandal quai hậu nam Quai Mảnh cá tính đi cực êm chân,https://www.lazada.vn/products/dep-sandal-quai-hau-nam-quai-manh-ca-tinh-di-cuc-em-chan-i2233091500.html,76.120 ₫,54% Off,151 Đã bán,(30),Hà Nội,165.000 ₫,38.000 ₫,3 ngày trả hàng cho Nhà bán hàng,93%,100%,100%,3,0,2,0,26
114,giày dép,AOKANG Xăng Đan Nữ Phong Cách Cổ Tích Đế Bằng Đa Năng Mũi Ghim Học Sinh Giày Nữ Đi Biển Chống Trượt Giày Đi Biển,https://www.lazada.vn/products/aokang-xang-dan-nu-phong-cach-co-tich-de-bang-da-nang-mui-ghim-hoc-sinh-giay-nu-di-bien-chong-truot-giay-di-bien-i2196495813.html,147.000 ₫,48% Off,91 Đã bán,(73),Nước ngoài,281.600 ₫,,Được đổi ý,98%,Không đủ thông tin,100%,1,0,0,1,71
115,giày dép,Giày Sandal nam nữ quai ngang mẫu unisex,https://www.lazada.vn/products/giay-sandal-nam-nu-quai-ngang-mau-unisex-i273910525.html,89.000 ₫,26% Off,3.2K Đã bán,(872),Hà Nội,120.000 ₫,38.000 ₫,3 ngày trả hàng cho Nhà bán hàng,95%,100%,100%,11,10,25,54,772
116,giày dép,B1OCK STORE Mới năm sandal nữ dép quai hậu nữ sandal đế cao nữ Đáng yêu Thời trang Linh hoạt Đi biển B28G0UH,https://www.lazada.vn/products/b1ock-store-moi-nam-sandal-nu-dep-quai-hau-nu-sandal-de-cao-nu-dang-yeu-thoi-trang-linh-hoat-di-bien-b28g0uh-i2605136814.html,118.505 ₫,65% Off,,(1),Nước ngoài,343.400 ₫,,Không áp dụng chính sách bảo hành,99%,Không đủ thông tin,100%,0,0,0,0,1
117,giày dép,Xăng Đan Đi Biển Giày Lỗ Chống Hôi Chân Chống Trượt Đi Bên Ngoài Mùa Hè Mẫu Nam Dép Xăng Đan Lội Nước Việt Nam Đi Biển Ngoài Trời Bít Mũi,https://www.lazada.vn/products/xang-dan-di-bien-giay-lo-chong-hoi-chan-chong-truot-di-ben-ngoai-mua-he-mau-nam-dep-xang-dan-loi-nuoc-viet-nam-di-bien-ngoai-troi-bit-mui-i2492414487.html,134.100 ₫,58% Off,18 Đã bán,(9),Hồ Chí Minh,320.000 ₫,17.000 ₫,Không áp dụng chính sách bảo hành,95%,94%,100%,0,0,0,0,9
118,giày dép,Dép Sục Giày Lười Dép Lê Nổi Tiếng Trên Mạng Phong Cách Hàn Quốc Đế Mềm Chống Trượt Dễ Phối Thời Trang Đi Ra Ngoài Mẫu Mới Bít Mũi Ngọc Trai Xuân Thu,https://www.lazada.vn/products/dep-suc-giay-luoi-dep-le-noi-tieng-tren-mang-phong-cach-han-quoc-de-mem-chong-truot-de-phoi-thoi-trang-di-ra-ngoai-mau-moi-bit-mui-ngoc-trai-xuan-thu-i2659979233.html,56.500 ₫,50% Off,,,Nước ngoài,113.000 ₫,17.000 ₫,Không áp dụng chính sách bảo hành,96%,94%,98%,0,0,0,0,0
119,giày dép,FUJIN Mới năm sandal nữ dép quai hậu nữ sandal đế cao nữ Êm ái Lịch lãm Năng động Tinh tế FDL243024R,https://www.lazada.vn/products/fujin-moi-nam-sandal-nu-dep-quai-hau-nu-sandal-de-cao-nu-em-ai-lich-lam-nang-dong-tinh-te-fdl243024r-i2605846101.html,68.000 ₫,58% Off,8 Đã bán,(3),Nước ngoài,163.000 ₫,,Không áp dụng chính sách bảo hành,98%,Không đủ thông tin,100%,0,0,0,0,3
